date	actual_mean_temp	actual_min_temp	actual_max_temp	average_min_temp	average_max_temp	record_min_temp	record_max_temp	record_min_temp_year	record_max_temp_year	actual_precipitation	average_precipitation	record_precipitation
01-07-2014	76	66	86	66	85	48	97	1885	1970	0.13	0.16	5.09
02-07-2014	71	63	79	66	85	50	99	1904	1970	0	0.16	4.5
03-07-2014	67	60	73	66	85	49	100	1968	1911	0	0.15	1.89
04-07-2014	67	54	79	66	85	48	103	1968	1911	0	0.15	2.4
05-07-2014	69	59	79	66	85	49	103	1972	2012	0	0.16	3.27
06-07-2014	74	64	83	66	85	48	105	2001	2012	0.03	0.15	1.64
07-07-2014	74	68	79	66	85	54	105	1894	2012	0	0.16	4.43
08-07-2014	74	67	81	66	85	51	104	1984	1936	0.32	0.16	2.6
09-07-2014	72	62	81	66	85	52	103	1952	1936	0	0.16	2.49
10-07-2014	71	61	80	66	85	50	105	1963	1936	0	0.16	1.52
11-07-2014	71	60	81	66	85	52	104	1945	1936	0	0.16	2.49
12-07-2014	74	67	80	66	85	53	103	1975	1936	0.07	0.16	2.7
13-07-2014	78	72	84	66	85	49	103	1976	1936	0	0.17	2.78
14-07-2014	75	65	85	66	85	48	106	1975	1936	0.39	0.16	2.96
15-07-2014	64	56	71	66	85	51	103	1967	1988	0	0.17	2.05
16-07-2014	63	53	72	66	85	49	98	1945	1988	0	0.15	2.32
17-07-2014	65	53	77	66	85	51	101	1976	2012	0	0.15	3.71
18-07-2014	68	57	78	66	85	51	100	1976	1954	0	0.15	2.61
19-07-2014	68	58	77	66	85	50	98	1984	1930	0	0.14	1.31
20-07-2014	71	60	81	66	85	49	103	1947	1934	0	0.13	4
21-07-2014	74	62	85	66	85	46	106	1944	1934	0	0.14	1.89
22-07-2014	78	67	88	66	85	49	106	1947	1901	0	0.14	1.82
23-07-2014	69	62	76	66	85	46	102	1947	1934	1.61	0.14	1.61
24-07-2014	67	58	76	66	85	52	105	1947	1934	0	0.14	1.98
25-07-2014	65	56	74	66	85	51	105	1911	1934	0	0.13	2.61
26-07-2014	75	67	82	66	85	51	98	1911	1941	0.1	0.13	2.41
27-07-2014	76	66	85	66	85	51	100	1962	1916	0.22	0.12	1.86
28-07-2014	65	57	73	66	85	51	101	2013	1930	0	0.12	2.95
29-07-2014	64	52	75	66	85	51	100	1881	1941	0.21	0.13	0.8
30-07-2014	68	57	78	66	84	51	103	1965	1940	0.02	0.13	1.63
31-07-2014	70	59	80	66	84	49	98	1895	1913	0	0.12	2.84
01-08-2014	72	61	82	65	84	53	97	1971	1887	0.01	0.11	2.86
02-08-2014	73	63	82	65	84	52	98	1927	1888	0	0.11	2.53
03-08-2014	73	61	84	65	84	50	98	1965	1897	0	0.11	1.72
04-08-2014	74	62	85	65	84	49	99	1912	1887	0	0.1	3.81
05-08-2014	73	65	81	65	84	51	103	1974	1918	0	0.1	1.65
06-08-2014	71	63	79	65	84	50	99	1994	1918	0	0.11	4.46
07-08-2014	71	64	78	65	84	49	98	1989	1930	0	0.1	1.08
08-08-2014	70	65	74	65	84	48	98	1989	2012	0.03	0.09	1.51
09-08-2014	76	68	83	65	84	50	99	1884	1930	0	0.1	2.36
10-08-2014	77	70	84	65	84	50	99	1972	1911	0.13	0.1	1.25
11-08-2014	75	68	82	65	84	52	99	1967	1941	0.1	0.09	2.07
12-08-2014	65	58	71	65	84	47	101	2004	1881	0	0.1	1.93
13-08-2014	67	55	79	65	84	48	98	1964	1936	0	0.09	3.08
14-08-2014	70	59	81	65	84	48	95	1964	1871	0	0.09	2.72
15-08-2014	63	49	77	65	84	45	96	1979	2010	0	0.1	2.26
16-08-2014	67	59	75	65	84	50	102	1979	1988	0.09	0.1	1.43
17-08-2014	73	65	81	65	84	52	99	1963	1988	0.03	0.11	3.18
18-08-2014	76	65	86	65	84	48	98	1963	1936	0	0.11	1.61
19-08-2014	76	65	86	64	84	50	100	1896	1936	0.5	0.1	1.65
20-08-2014	74	64	83	64	84	50	99	1897	1983	0	0.11	2.22
21-08-2014	78	70	86	64	84	47	100	1950	1936	0.16	0.1	1.23
22-08-2014	80	73	86	64	84	46	101	1950	1936	0.02	0.1	1.9
23-08-2014	79	70	88	64	84	46	96	1890	1936	0.81	0.1	2.07
24-08-2014	78	70	86	64	84	49	98	1927	1936	0	0.09	1.75
25-08-2014	81	71	90	64	84	49	96	1887	1948	0.78	0.1	1.41
26-08-2014	81	69	93	63	84	48	97	1945	1948	0.26	0.11	1.9
27-08-2014	79	70	88	63	84	48	97	1968	1948	0	0.1	2.6
28-08-2014	75	66	84	63	83	43	96	1986	1953	0	0.1	2.44
29-08-2014	78	68	87	63	83	41	97	1965	1953	0	0.1	1.38
30-08-2014	75	71	78	63	83	42	95	1986	1953	0.02	0.1	2.16
31-08-2014	76	69	83	62	83	44	97	1915	1951	0.01	0.1	2.43
01-09-2014	77	71	82	62	83	44	100	1987	1953	0	0.1	7.2
02-09-2014	72	65	79	62	82	45	100	1885	1953	1	0.1	2.1
03-09-2014	74	64	83	61	82	45	100	1952	2011	0	0.1	2.63
04-09-2014	77	66	87	61	82	46	98	1952	1954	0	0.09	6.8
05-09-2014	80	70	90	61	82	45	100	1974	1954	0.02	0.1	1.54
06-09-2014	67	60	73	60	81	44	99	1988	1954	0	0.1	1.19
07-09-2014	65	54	76	60	81	42	98	1988	1939	0	0.11	2.71
08-09-2014	68	56	79	60	81	38	97	1986	1939	0	0.1	2.61
09-09-2014	69	57	81	59	80	41	98	1883	1939	0	0.1	2.34
10-09-2014	75	67	82	59	80	40	96	1969	2013	0.9	0.11	2.6
11-09-2014	64	56	71	58	80	39	95	1917	1897	0	0.11	1.78
12-09-2014	59	53	64	58	79	40	96	1955	1897	0	0.11	1.08
13-09-2014	55	47	63	58	79	39	99	1975	1939	0	0.11	1.8
14-09-2014	57	46	68	57	79	37	100	1964	1939	0	0.11	2.93
15-09-2014	57	49	65	57	78	42	100	1974	1939	0.54	0.11	2.21
16-09-2014	59	50	67	56	78	39	96	1984	1939	0.01	0.09	2.53
17-09-2014	56	45	67	56	77	40	93	1984	1955	0	0.1	1.07
18-09-2014	61	49	72	55	77	39	95	1959	1953	0	0.09	1.64
19-09-2014	63	53	73	55	76	38	93	1956	1940	0	0.11	2.29
20-09-2014	67	54	80	54	76	36	94	1991	1940	0.02	0.1	2.2
21-09-2014	65	56	74	54	76	35	96	1875	2010	0.04	0.11	1.61
22-09-2014	57	47	66	53	75	37	93	1999	1895	0	0.11	1.22
23-09-2014	60	47	72	53	75	34	94	1974	2010	0	0.11	2.11
24-09-2014	62	47	76	53	74	34	92	1887	2007	0	0.1	1.29
25-09-2014	66	54	78	52	74	35	92	1950	1891	0	0.11	2.17
26-09-2014	69	55	82	52	73	37	91	2001	1891	0	0.1	1.62
27-09-2014	69	56	81	51	73	35	93	1991	1998	0	0.11	2.59
28-09-2014	71	58	83	51	72	33	91	1942	1939	0	0.11	1.41
29-09-2014	68	54	82	50	72	34	97	1970	1953	0	0.1	2.45
30-09-2014	62	52	71	50	72	30	89	1899	1971	0	0.11	1.88
01-10-2014	63	49	76	50	71	32	89	1946	1897	0	0.1	2.74
02-10-2014	71	60	81	49	71	29	89	1974	1953	0.14	0.11	1.39
03-10-2014	59	44	73	49	70	27	90	1974	1954	0.28	0.11	2.61
04-10-2014	45	40	49	48	70	31	90	1987	1951	0	0.11	1.55
05-10-2014	50	40	59	48	69	31	87	1968	1922	0.13	0.1	2.93
06-10-2014	55	42	67	48	69	30	89	1980	2007	0.02	0.11	1.45
07-10-2014	54	46	62	47	69	27	90	1952	2007	0.33	0.1	1.65
08-10-2014	56	43	68	47	68	28	91	1987	2007	0	0.1	1.02
09-10-2014	51	45	56	47	68	30	88	1989	1939	0.02	0.11	1.25
10-10-2014	52	49	54	46	67	27	88	1964	2010	0.01	0.1	3.88
11-10-2014	50	42	57	46	67	26	86	1906	2010	0	0.1	1.56
12-10-2014	54	45	62	46	67	26	86	1988	1879	0.3	0.1	3.01
13-10-2014	67	58	76	45	66	24	86	1988	1975	0.57	0.1	0.92
14-10-2014	61	55	67	45	66	24	86	1979	1899	0.56	0.1	1.71
15-10-2014	55	53	56	45	66	27	87	1876	1897	0.18	0.1	1.14
16-10-2014	56	51	61	45	65	26	85	1991	1897	0	0.1	1.65
17-10-2014	59	50	68	44	65	26	86	1948	1950	0	0.1	1.45
18-10-2014	50	46	54	44	65	22	84	1948	1953	0.09	0.1	2.15
19-10-2014	50	43	56	44	64	25	85	1992	1953	0	0.1	1.33
20-10-2014	57	46	68	44	64	23	86	1972	1953	0.01	0.1	1.33
21-10-2014	51	44	57	43	64	23	86	1952	1953	0.02	0.09	1.43
22-10-2014	48	38	57	43	63	23	85	1976	1947	0	0.1	1.84
23-10-2014	49	37	60	43	63	24	86	1969	1963	0	0.09	1.57
24-10-2014	53	40	66	42	62	20	81	1981	1963	0	0.09	1.52
25-10-2014	63	50	76	42	62	25	82	1887	1963	0	0.09	1.54
26-10-2014	55	42	68	42	62	20	82	1962	1963	0	0.1	2.45
27-10-2014	66	51	80	42	61	24	83	1976	1940	0	0.1	1.71
28-10-2014	58	46	70	41	61	20	82	1976	1927	0.31	0.1	1.72
29-10-2014	47	39	54	41	61	22	81	1952	1922	0	0.1	1.16
30-10-2014	44	34	53	41	60	22	82	1895	1950	0	0.11	1.3
31-10-2014	40	33	47	41	60	24	82	1988	1950	0.2	0.1	2.01
01-11-2014	36	29	43	40	59	24	81	1949	1950	0	0.12	1.95
02-11-2014	37	24	50	40	59	16	78	1951	1961	0	0.11	3.86
03-11-2014	54	42	66	40	59	11	77	1951	1987	0	0.12	0.65
04-11-2014	51	44	57	39	58	16	78	1951	2003	0.3	0.11	1.6
05-11-2014	47	40	54	39	58	15	76	1991	1975	0	0.12	1.92
06-11-2014	43	39	47	39	57	20	77	1982	1975	0.09	0.12	1.2
07-11-2014	40	33	46	38	57	16	76	1971	1915	0	0.11	3.51
08-11-2014	42	36	48	38	56	13	76	1991	1999	0	0.12	1.23
09-11-2014	40	29	51	38	56	17	76	1991	1999	0	0.11	1.15
10-11-2014	50	38	62	37	55	17	75	1957	1949	0	0.11	1.54
11-11-2014	48	34	61	37	55	18	76	1995	1927	0.06	0.12	1.63
12-11-2014	31	27	34	37	54	14	75	1911	1949	0	0.12	1.64
13-11-2014	24	20	27	36	54	10	77	1986	1955	0	0.13	2.02
14-11-2014	25	17	32	36	53	11	76	1986	1971	0	0.14	4.15
15-11-2014	26	17	34	36	53	12	74	1933	1971	0	0.13	2.55
16-11-2014	32	28	35	35	52	10	74	1883	1952	0.22	0.13	1.68
17-11-2014	21	13	29	35	52	4	77	1959	1958	0	0.13	2.48
18-11-2014	14	9	19	34	51	5	73	1880	1941	0	0.14	4.3
19-11-2014	26	14	37	34	51	-3	76	1880	1930	0	0.13	2.74
20-11-2014	24	17	30	33	50	8	75	1914	1942	0	0.13	1.73
21-11-2014	23	12	33	33	49	2	73	1880	1990	0	0.14	3.71
22-11-2014	43	30	56	33	49	-5	74	1880	1900	0.02	0.13	1.68
23-11-2014	50	44	55	32	48	1	73	1880	1999	1.91	0.13	1.91
24-11-2014	46	36	55	32	48	-1	65	1950	1973	0.18	0.13	1.23
25-11-2014	31	26	36	31	47	-2	69	1950	1908	0	0.12	2.19
26-11-2014	30	26	34	31	47	3	70	1898	1984	0	0.12	1.16
27-11-2014	28	24	31	31	46	1	70	1930	1990	0	0.12	2.03
28-11-2014	27	19	34	30	46	2	69	1930	1909	0	0.12	1.82
29-11-2014	44	30	57	30	45	-1	70	1872	1927	0	0.12	1
30-11-2014	52	39	64	29	45	-2	68	1958	1927	0.02	0.12	1.81
01-12-2014	33	26	39	29	44	4	70	1886	1970	0.02	0.1	1.39
02-12-2014	30	26	33	29	44	-3	74	1886	1982	0.01	0.11	1.84
03-12-2014	36	28	43	28	43	-2	69	1929	1982	0.01	0.1	3.46
04-12-2014	32	29	35	28	43	5	70	1991	1998	0.06	0.1	0.98
05-12-2014	37	34	40	27	42	8	70	1886	2001	0.98	0.11	1.14
06-12-2014	35	30	40	27	42	-1	73	1977	1998	0.26	0.1	1.05
07-12-2014	33	26	39	27	41	-7	65	1882	1951	0	0.1	1.15
08-12-2014	36	31	41	26	41	-10	66	1882	1966	0.06	0.11	1.58
09-12-2014	36	32	39	26	41	-15	65	1876	1952	0.01	0.11	1.39
10-12-2014	33	30	35	26	40	-8	66	1917	1971	0	0.1	1.37
11-12-2014	31	25	37	25	40	-9	66	1977	1931	0	0.1	1.87
12-12-2014	29	22	35	25	40	-7	63	1962	1927	0	0.1	1.06
13-12-2014	40	34	46	25	39	-4	65	1962	1975	0	0.1	1.73
14-12-2014	45	41	48	25	39	-4	68	1901	1984	0	0.09	2.12
15-12-2014	43	41	44	24	39	-10	69	1951	1948	0.01	0.1	1.45
16-12-2014	39	31	46	24	38	-15	65	1951	1948	0.19	0.1	0.81
17-12-2014	27	23	31	24	38	-10	64	1989	1984	0	0.1	1.64
18-12-2014	25	22	27	24	38	-10	65	1884	1877	0	0.09	2.05
19-12-2014	24	19	29	23	38	-12	67	1884	1877	0	0.1	1.49
20-12-2014	29	25	32	23	37	-12	66	1963	1949	0	0.1	0.82
21-12-2014	28	20	36	23	37	-21	67	1989	1967	0	0.11	2.57
22-12-2014	37	27	46	23	37	-23	61	1989	1949	0.04	0.11	1.62
23-12-2014	50	45	55	23	37	-15	64	1989	1933	0.17	0.11	1.71
24-12-2014	40	34	45	22	37	-17	68	1983	1889	0.52	0.1	1.54
25-12-2014	36	31	41	22	36	-15	64	1983	1893	0.01	0.11	1.36
26-12-2014	41	30	52	22	36	-5	67	1983	1875	0	0.11	1.22
27-12-2014	40	33	46	22	36	-7	68	1925	2008	0.2	0.1	1.95
28-12-2014	28	22	33	22	36	-13	65	1924	1984	0	0.1	2.02
29-12-2014	29	20	37	22	36	-13	66	1880	1889	0	0.1	1.36
30-12-2014	23	15	31	21	36	-14	67	1983	1965	0	0.1	1.94
31-12-2014	16	9	23	21	36	-9	68	1967	1951	0	0.1	1.62
01-01-2015	26	18	34	21	36	-12	69	1968	1876	0	0.1	3.81
02-01-2015	32	25	39	21	36	-12	65	1887	2006	0	0.1	1.58
03-01-2015	43	33	52	21	36	-22	65	1879	1950	0.79	0.1	2.82
04-01-2015	28	12	44	21	36	-15	66	1879	1998	0.01	0.1	2.44
05-01-2015	9	4	14	21	35	-25	61	1884	1955	0.11	0.1	2.7
06-01-2015	14	9	19	21	35	-20	63	1884	2008	0.08	0.09	1.48
07-01-2015	3	-6	12	21	35	-17	68	1970	2008	0	0.09	1.58
08-01-2015	7	-7	20	21	35	-13	63	1970	1965	0	0.1	1.41
09-01-2015	11	1	21	21	35	-18	66	1875	1880	0	0.09	1.15
10-01-2015	11	-3	24	20	35	-16	62	1982	1975	0	0.09	1.29
11-01-2015	28	21	34	20	35	-16	70	1977	1890	0.43	0.08	1.16
12-01-2015	25	19	31	20	35	-19	69	1918	1890	0.19	0.09	1.28
13-01-2015	16	8	23	20	35	-10	64	1997	1950	0	0.09	1.47
14-01-2015	13	5	21	20	35	-7	65	1957	1928	0	0.08	1.77
15-01-2015	25	13	36	20	35	-17	66	1972	1932	0	0.08	1.68
16-01-2015	32	21	42	20	35	-20	66	1972	1990	0	0.08	1.42
17-01-2015	39	27	51	20	35	-20	67	1977	1952	0	0.09	1.11
18-01-2015	36	28	44	20	35	-22	64	1994	1929	0.01	0.08	1.96
19-01-2015	35	23	47	20	35	-27	69	1994	1907	0	0.08	0.94
20-01-2015	40	30	50	20	36	-22	70	1985	1906	0	0.08	1.26
21-01-2015	37	30	43	20	36	-21	68	1984	1906	0	0.08	2.25
22-01-2015	31	28	33	20	36	-17	64	1936	1964	0	0.07	1.87
23-01-2015	29	24	34	20	36	-18	67	1936	1909	0	0.08	0.9
24-01-2015	30	20	39	20	36	-16	70	1963	1967	0	0.08	1.06
25-01-2015	29	20	37	20	36	-14	71	1897	1950	0.04	0.08	0.92
26-01-2015	22	17	26	20	36	-12	67	1897	1944	0	0.08	1.41
27-01-2015	25	20	29	21	36	-10	66	1936	1916	0.01	0.08	1.14
28-01-2015	25	15	34	21	36	-18	65	1963	2002	0	0.08	2
29-01-2015	38	30	45	21	36	-13	66	1873	2002	0	0.08	1.5
30-01-2015	26	20	31	21	36	-11	65	1966	2013	0.01	0.08	1.47
31-01-2015	26	16	36	21	37	-11	66	2004	1917	0.13	0.08	1.26
01-02-2015	30	27	33	21	37	-11	63	1951	1911	0.29	0.08	1.21
02-02-2015	20	13	27	21	37	-19	59	1951	1911	0.01	0.09	1.24
03-02-2015	26	16	36	21	37	-11	62	1996	1992	0	0.08	2.5
04-02-2015	29	15	42	21	37	-12	69	1996	1890	0.07	0.08	1.68
05-02-2015	15	5	24	22	37	-16	66	1979	1927	0	0.09	1.83
06-02-2015	25	12	37	22	38	-12	64	1977	1925	0	0.07	1.14
07-02-2015	42	28	55	22	38	-11	66	1977	1925	0	0.08	1.53
08-02-2015	47	36	57	22	38	-14	68	1895	1937	0	0.08	0.78
09-02-2015	31	26	36	22	38	-18	66	1899	1943	0	0.08	2.04
10-02-2015	27	18	36	23	39	-21	73	1982	1932	0	0.09	1.56
11-02-2015	32	25	39	23	39	-9	75	1885	1999	0	0.08	1.87
12-02-2015	20	13	27	23	39	-10	66	1899	1984	0	0.08	2.67
13-02-2015	20	9	31	23	39	-17	67	1899	1938	0	0.08	1.48
14-02-2015	18	6	30	24	40	-14	65	1905	1954	0	0.09	1.37
15-02-2015	12	4	20	24	40	-8	72	1875	1954	0	0.08	1.5
16-02-2015	11	6	16	24	40	-7	72	1943	1883	0.14	0.08	1.58
17-02-2015	14	1	26	24	41	-9	69	1903	1911	0.01	0.08	0.91
18-02-2015	9	0	17	25	41	-11	66	1936	1961	0.07	0.08	1.58
19-02-2015	2	-5	9	25	41	-8	69	1979	1930	0	0.08	1.21
20-02-2015	6	-6	18	25	42	-8	67	1885	1983	0	0.08	3.02
21-02-2015	26	16	35	26	42	-4	68	1963	1930	0.47	0.08	1.53
22-02-2015	22	15	29	26	43	-9	70	1963	1922	0	0.08	2.09
23-02-2015	11	3	19	26	43	-1	71	1889	2000	0.01	0.09	1.1
24-02-2015	10	-6	25	26	43	-6	71	2015	2000	0	0.08	1.05
25-02-2015	24	14	33	27	44	-7	76	1900	2000	0	0.09	2.35
26-02-2015	16	7	25	27	44	-6	68	1963	1998	0.04	0.09	2.49
27-02-2015	10	2	18	27	45	-7	73	1963	1996	0	0.09	1.11
28-02-2015	16	7	25	28	45	2	68	1993	1895	0.23	0.09	1.17
01-03-2015	27	22	31	28	45	-4	71	1960	1976	0.53	0.1	1.9
02-03-2015	24	14	34	28	46	-7	74	1980	1992	0	0.09	1.56
03-03-2015	33	26	40	29	46	-5	77	1943	1992	0.28	0.09	2.01
04-03-2015	27	19	35	29	47	2	78	1873	1983	0.07	0.1	3
05-03-2015	16	8	23	29	47	-1	75	1978	1956	0	0.1	3.06
06-03-2015	16	2	30	30	47	-6	75	1960	1973	0	0.11	1.21
07-03-2015	32	21	42	30	48	-1	78	1943	1974	0	0.11	1.45
08-03-2015	38	27	49	30	48	-6	80	1943	1974	0	0.1	2.28
09-03-2015	40	31	48	31	49	-1	72	1984	1878	0	0.11	1.61
10-03-2015	45	40	49	31	49	8	74	1934	2009	0.4	0.11	2.54
11-03-2015	49	34	64	31	50	3	77	1948	1990	0	0.1	2.01
12-03-2015	46	31	60	32	50	-5	76	1948	1990	0	0.11	1.97
13-03-2015	48	42	53	32	51	3	80	1960	2007	0.51	0.11	1.51
14-03-2015	51	43	59	32	51	10	81	1891	2012	0.43	0.11	3.02
15-03-2015	49	33	65	33	51	6	80	1975	2012	0	0.12	3.06
16-03-2015	61	47	74	33	52	3	79	1900	1945	0	0.11	1.36
17-03-2015	47	33	60	33	52	2	77	1900	2012	0	0.12	1.35
18-03-2015	37	27	46	34	53	7	80	1941	2012	0	0.13	2.03
19-03-2015	45	40	50	34	53	7	82	1923	2012	0.02	0.12	1.9
20-03-2015	44	39	48	34	54	3	83	1885	2012	0.03	0.12	2.13
21-03-2015	49	34	63	34	54	11	84	1876	2012	0	0.12	1.06
22-03-2015	44	36	52	35	54	9	82	1888	1907	0	0.13	2.36
23-03-2015	36	30	41	35	55	12	80	1885	1939	0.03	0.12	1.48
24-03-2015	35	26	44	35	55	2	84	1974	1910	0.04	0.13	2.76
25-03-2015	48	42	54	36	56	5	81	1974	2007	0.63	0.13	4.7
26-03-2015	40	34	45	36	56	8	80	1955	1907	0.5	0.12	1.98
27-03-2015	28	21	35	36	56	11	84	1955	1910	0	0.13	2.27
28-03-2015	29	17	40	37	57	16	82	1934	1910	0	0.12	1.75
29-03-2015	38	24	51	37	57	16	82	1887	1895	0.06	0.13	1.46
30-03-2015	49	36	61	37	58	17	82	1923	1986	0	0.13	1.56
31-03-2015	54	44	63	38	58	13	85	1923	1981	0	0.13	1.56
01-04-2015	53	37	69	38	58	20	82	1923	2010	0	0.13	2.85
02-04-2015	62	52	72	38	59	20	81	1961	2010	0.29	0.12	2.08
03-04-2015	50	39	61	39	59	21	84	1879	2012	0.11	0.11	1.92
04-04-2015	43	30	55	39	59	23	80	1975	1929	0	0.12	1.48
05-04-2015	49	34	64	39	60	20	84	1995	1988	0	0.12	1.87
06-04-2015	55	47	62	40	60	22	83	1979	2010	0	0.12	1.9
07-04-2015	61	56	66	40	61	19	83	1982	2001	0.32	0.12	2.08
08-04-2015	64	55	72	40	61	18	83	1972	2001	0.74	0.13	2.15
09-04-2015	71	61	80	41	61	18	84	1997	2001	0.24	0.13	1.26
10-04-2015	56	42	69	41	62	23	84	1989	1930	0.04	0.13	1.97
11-04-2015	50	38	62	41	62	24	89	1973	1930	0	0.12	1.72
12-04-2015	57	43	70	42	62	20	86	1940	1930	0	0.12	0.8
13-04-2015	64	56	71	42	63	18	86	1950	1941	0.04	0.12	1.13
14-04-2015	58	51	64	42	63	24	85	1943	1883	0	0.13	1.55
15-04-2015	58	46	69	43	63	24	84	1928	2002	0.07	0.12	1.42
16-04-2015	61	53	68	43	64	21	87	1875	1896	0.2	0.12	2.08
17-04-2015	61	46	76	43	64	19	87	1875	1896	0	0.13	1.9
18-04-2015	64	51	76	44	64	19	87	1875	1977	0	0.13	2.29
19-04-2015	62	56	67	44	65	23	85	1983	2002	0.93	0.13	3.06
20-04-2015	52	45	58	44	65	23	85	1897	1915	0.3	0.12	2.66
21-04-2015	52	41	62	45	65	28	84	1907	1985	0	0.13	1.85
22-04-2015	44	37	50	45	66	27	85	1936	1960	0.1	0.13	2.34
23-04-2015	45	32	57	45	66	26	88	1986	1925	0	0.13	1.46
24-04-2015	47	32	62	46	66	28	90	1910	1925	0	0.13	1.65
25-04-2015	50	44	56	46	67	27	87	1919	1915	0.62	0.14	2.56
26-04-2015	49	39	58	46	67	31	87	1976	1915	0	0.13	1.48
27-04-2015	47	35	58	47	67	30	84	1976	1962	0	0.13	1.56
28-04-2015	51	39	63	47	68	28	86	1976	1894	0	0.14	1.71
29-04-2015	54	41	67	47	68	31	86	1976	1942	0	0.14	1.71
30-04-2015	53	44	61	48	68	31	90	1948	1942	0	0.14	1.66
01-05-2015	55	39	71	48	68	29	89	1963	1942	0	0.16	1.76
02-05-2015	62	49	75	48	69	31	87	1961	1959	0	0.15	2.93
03-05-2015	66	53	78	49	69	29	86	2005	1949	0	0.16	1.56
04-05-2015	67	58	76	49	69	30	88	1976	1949	0.13	0.16	1.47
05-05-2015	73	62	83	49	70	35	92	1957	1952	0	0.16	1.79
06-05-2015	74	61	86	49	70	31	89	1968	1949	0	0.16	2.56
07-05-2015	75	64	86	50	70	31	87	1974	1926	0	0.16	2.1
08-05-2015	74	63	85	50	70	31	90	1976	1896	0	0.16	2.34
09-05-2015	73	66	80	50	71	29	93	1947	1895	0.05	0.16	1.08
10-05-2015	74	64	83	51	71	28	92	1966	1896	0.05	0.16	1.92
11-05-2015	70	61	78	51	71	31	89	1945	1896	0.06	0.17	1.95
12-05-2015	57	50	64	51	72	33	88	1976	1881	0	0.17	2.15
13-05-2015	55	43	67	52	72	35	88	1878	1956	0	0.18	1.96
14-05-2015	60	49	70	52	72	33	88	1895	1881	0	0.17	1.84
15-05-2015	71	60	82	52	72	35	88	1973	2001	0.12	0.16	1.97
16-05-2015	68	64	71	53	73	32	90	1997	1900	0.53	0.17	1.6
17-05-2015	72	64	79	53	73	36	90	1973	1962	0	0.17	2.3
18-05-2015	71	62	79	53	73	35	90	1973	1962	0	0.17	2.36
19-05-2015	57	48	65	54	74	32	90	2002	1977	0	0.17	1.36
20-05-2015	48	43	52	54	74	38	90	1894	1977	0	0.16	1.68
21-05-2015	56	47	64	54	74	36	92	2002	1941	0	0.18	2.69
22-05-2015	60	44	76	55	75	35	93	1883	1941	0	0.16	2.16
23-05-2015	67	55	79	55	75	37	92	1963	1939	0	0.16	3.13
24-05-2015	72	59	85	55	75	37	90	1925	1965	0	0.17	1.55
25-05-2015	73	67	79	56	76	34	93	1925	1965	0.01	0.16	1.35
26-05-2015	72	64	80	56	76	35	94	1961	1911	0.07	0.16	2.33
27-05-2015	73	63	82	56	76	31	94	1961	1911	0.07	0.15	1.62
28-05-2015	72	60	84	57	76	39	96	1907	1911	0	0.16	1.5
29-05-2015	75	65	84	57	77	36	93	1965	1895	0	0.16	2.19
30-05-2015	75	66	84	57	77	37	94	1947	1895	1.28	0.15	3.8
31-05-2015	61	55	67	58	77	36	96	1889	1895	0.08	0.16	2.61
01-06-2015	58	52	64	58	78	39	96	2003	1934	0	0.14	1.95
02-06-2015	60	49	70	58	78	39	100	1956	1934	0	0.15	3
03-06-2015	61	51	71	59	78	40	100	1929	1895	0	0.14	2.89
04-06-2015	70	57	82	59	79	43	95	1946	2011	0	0.14	2.87
05-06-2015	75	63	87	59	79	40	98	1945	1925	0	0.15	1.51
06-06-2015	69	61	76	60	79	39	96	1894	1933	0	0.15	2.62
07-06-2015	75	62	88	60	80	41	98	1894	1933	0	0.14	3.8
08-06-2015	70	60	79	60	80	44	95	1913	1933	1.9	0.15	2.14
09-06-2015	70	58	82	60	80	41	94	1885	1914	0	0.14	2.11
10-06-2015	78	65	90	61	81	44	96	1988	1933	0	0.14	2.21
11-06-2015	80	69	90	61	81	41	96	1980	1933	0	0.14	2.9
12-06-2015	81	72	89	61	81	42	96	1903	1894	0.21	0.13	3.04
13-06-2015	80	71	88	62	82	45	95	1903	1894	0	0.14	2.2
14-06-2015	78	70	86	62	82	45	94	1955	1954	0.13	0.14	2.12
15-06-2015	79	70	88	62	82	45	94	1917	1952	0.54	0.13	1.82
16-06-2015	78	71	84	63	82	41	96	1917	1913	0.5	0.13	1.98
17-06-2015	76	72	79	63	83	46	95	1980	1913	0.75	0.14	1.73
18-06-2015	77	68	86	63	83	45	96	1960	1962	0.67	0.14	2.05
19-06-2015	73	68	78	63	83	48	97	1980	1953	0.67	0.14	1.75
20-06-2015	75	70	79	64	83	44	100	1980	1953	0	0.14	2.03
21-06-2015	75	65	84	64	84	41	98	1992	1988	0.27	0.14	1.95
22-06-2015	78	69	86	64	84	37	99	1992	1988	0	0.15	1.92
23-06-2015	76	68	83	64	84	44	96	1918	1930	0	0.14	2.81
24-06-2015	71	62	80	64	84	49	98	1887	1933	0	0.15	0.92
25-06-2015	75	66	83	65	84	46	102	1972	1988	0.85	0.15	3.73
26-06-2015	71	66	76	65	85	49	102	1979	1954	1.57	0.14	3.09
27-06-2015	66	60	72	65	85	48	100	1926	1934	0	0.14	2.79
28-06-2015	67	55	78	65	85	50	104	1950	2012	0.09	0.15	1.65
29-06-2015	70	63	77	65	85	48	103	1923	2012	0.21	0.14	1.63
30-06-2015	73	64	82	65	85	46	97	1943	1933	0	0.14	1.5
