date	actual_mean_temp	actual_min_temp	actual_max_temp	average_min_temp	average_max_temp	record_min_temp	record_max_temp	record_min_temp_year	record_max_temp_year	actual_precipitation	average_precipitation	record_precipitation
01-07-2014	83	72	93	68	86	52	102	1988	1901	0	0.13	1.04
02-07-2014	86	75	96	68	86	52	103	1965	1901	0.21	0.13	1.73
03-07-2014	83	74	92	68	87	54	104	1957	1966	0.09	0.12	3.66
04-07-2014	73	68	78	68	87	52	103	1986	1966	0.04	0.13	2.08
05-07-2014	74	64	83	69	87	55	100	1963	1999	0	0.13	4.38
06-07-2014	75	64	86	69	87	52	102	1960	2010	0	0.13	1.36
07-07-2014	84	74	93	69	87	55	103	1968	2010	0	0.13	2.97
08-07-2014	84	72	95	69	87	53	100	1960	1993	0.17	0.14	2.28
09-07-2014	80	71	89	69	87	53	103	1963	1936	0	0.15	1.79
10-07-2014	81	74	87	69	87	53	104	1963	1936	0	0.14	2.99
11-07-2014	80	70	90	69	87	55	100	1963	1988	0	0.14	1.92
12-07-2014	80	70	89	69	87	55	97	1999	1936	0	0.15	4.68
13-07-2014	82	72	91	69	87	57	98	1998	1994	0.05	0.14	2.8
14-07-2014	82	74	90	69	87	52	101	1940	1954	1.18	0.15	2.89
15-07-2014	82	73	91	70	87	56	103	1940	1995	0.81	0.15	2.96
16-07-2014	78	72	83	70	87	55	102	1946	1988	0	0.15	1.89
17-07-2014	75	65	84	70	87	56	102	1946	1988	0	0.15	2.06
18-07-2014	75	65	84	70	87	57	100	1976	2012	0	0.15	3.45
19-07-2014	75	68	81	70	87	58	100	1962	1930	0	0.14	1.93
20-07-2014	76	69	82	70	87	57	99	1890	1930	0	0.14	2.32
21-07-2014	76	66	86	70	87	51	103	1966	1930	0	0.14	3.45
22-07-2014	79	70	88	70	87	56	103	1944	2011	0	0.14	2.98
23-07-2014	83	72	93	70	87	58	101	1950	2011	0.05	0.14	3.05
24-07-2014	77	70	83	70	87	57	98	1985	2011	0	0.14	1.45
25-07-2014	74	63	84	70	87	56	96	1953	1999	0	0.14	1.35
26-07-2014	75	69	81	70	87	56	101	1920	1892	0.22	0.15	1.97
27-07-2014	81	70	91	70	87	53	100	1962	1940	1.25	0.15	2.16
28-07-2014	77	69	84	70	87	53	100	1962	1941	0.23	0.14	8.02
29-07-2014	70	64	76	70	87	59	98	1914	2002	0	0.14	3.53
30-07-2014	71	62	80	69	87	58	98	1981	1954	0	0.14	3.36
31-07-2014	76	65	86	69	87	57	102	1895	1954	0	0.14	3
01-08-2014	77	70	83	69	87	56	99	1964	2002	0.19	0.13	2.01
02-08-2014	73	68	77	69	87	58	99	1947	1955	0.36	0.12	2.86
03-08-2014	72	67	77	69	87	56	98	1959	1975	0.23	0.12	5.63
04-08-2014	78	71	84	69	87	52	98	1965	1995	0	0.12	2.74
05-08-2014	80	69	90	69	87	52	98	1951	1930	0	0.12	1.6
06-08-2014	76	69	82	69	86	53	103	1957	1918	0	0.11	2.74
07-08-2014	75	66	84	69	86	54	106	1964	1918	0	0.12	3.7
08-08-2014	73	63	82	69	86	55	100	1989	2001	0	0.12	4.4
09-08-2014	77	67	86	69	86	54	101	1964	2001	0	0.12	2.36
10-08-2014	78	67	88	69	86	54	98	1964	1949	0	0.12	2.24
11-08-2014	76	66	85	69	86	55	101	1972	1900	0	0.11	2.05
12-08-2014	74	68	79	69	86	53	99	1962	1900	1.08	0.11	3.29
13-08-2014	77	69	85	69	86	51	99	1941	2002	0	0.11	5.21
14-08-2014	71	62	80	68	86	50	99	1964	2002	0.25	0.12	4.84
15-08-2014	69	60	77	68	86	50	98	1964	1988	0	0.11	1.54
16-08-2014	71	61	81	68	86	53	98	1979	1997	0	0.12	2.25
17-08-2014	75	65	84	68	85	50	96	1979	1995	0	0.11	2.76
18-08-2014	73	63	83	68	85	52	97	1961	1995	0	0.11	2.54
19-08-2014	77	66	87	68	85	51	94	1963	2002	0	0.12	3.73
20-08-2014	79	71	86	68	85	52	99	1949	1983	0	0.12	1.87
21-08-2014	76	68	83	68	85	54	96	1949	1916	0	0.11	1.77
22-08-2014	74	68	79	67	85	52	97	1940	1916	0.08	0.12	2.73
23-08-2014	69	64	74	67	85	53	94	1952	1916	0.25	0.12	3.74
24-08-2014	74	64	83	67	84	50	93	1957	1972	0	0.1	1.7
25-08-2014	75	63	86	67	84	47	97	1963	1968	0	0.11	3.03
26-08-2014	80	69	90	67	84	51	100	1963	1948	0	0.1	2.52
27-08-2014	78	67	89	66	84	51	98	1963	1948	0	0.11	4.77
28-08-2014	74	66	81	66	84	49	99	1986	1948	0	0.09	2.33
29-08-2014	71	61	81	66	84	44	98	1986	1991	0	0.1	1.88
30-08-2014	71	60	81	66	83	47	100	1986	1953	0	0.1	2.32
31-08-2014	83	72	93	66	83	45	101	1965	1953	1.11	0.1	3.41
01-09-2014	82	74	89	65	83	49	97	1963	1953	0.01	0.1	1.8
02-09-2014	84	74	93	65	83	47	100	1963	1953	0.18	0.12	1.89
03-09-2014	78	71	85	65	82	51	100	1958	1953	0	0.12	3.37
04-09-2014	78	68	87	65	82	52	93	1997	1973	0	0.12	3.25
05-09-2014	81	72	89	64	82	53	92	1994	1961	0	0.12	2.45
06-09-2014	83	72	93	64	81	48	95	1962	1983	0.01	0.11	2.19
07-09-2014	75	66	83	64	81	47	102	1984	1881	0	0.12	1.22
08-09-2014	71	67	75	63	81	45	96	1962	1939	0	0.12	3.65
09-09-2014	72	67	76	63	81	49	94	1956	1884	0	0.12	1.59
10-09-2014	75	67	82	63	80	45	97	1956	1983	0	0.11	1.59
11-09-2014	76	67	84	62	80	43	98	1917	1983	0	0.13	2.1
12-09-2014	71	63	78	62	80	45	95	1940	1931	0	0.12	4.6
13-09-2014	66	59	72	62	79	44	95	1958	1952	0.36	0.13	2.8
14-09-2014	61	53	69	61	79	44	92	1975	1995	0	0.13	4.69
15-09-2014	63	53	72	61	78	45	95	1895	1927	0	0.13	2.74
16-09-2014	67	59	74	60	78	45	94	1984	1991	0.2	0.13	6.63
17-09-2014	66	56	75	60	78	44	94	1959	1991	0	0.13	3.48
18-09-2014	65	56	74	60	77	42	90	1959	1891	0	0.14	1.91
19-09-2014	65	58	72	59	77	43	92	1959	1983	0	0.13	1.95
20-09-2014	68	56	79	59	77	45	90	1956	1983	0	0.13	3.04
21-09-2014	72	65	79	58	76	38	97	1956	1895	0	0.13	2.44
22-09-2014	65	57	73	58	76	39	97	1962	1895	0	0.13	4.65
23-09-2014	61	50	72	58	75	40	97	1983	1895	0	0.12	3.72
24-09-2014	64	55	73	57	75	40	95	1963	1970	0.04	0.14	2.08
25-09-2014	62	59	64	57	75	35	92	1963	1970	0.89	0.13	1.66
26-09-2014	67	55	78	56	74	38	92	1963	1970	0	0.13	2.79
27-09-2014	72	59	84	56	74	36	91	1947	1998	0	0.14	1.85
28-09-2014	73	60	86	55	73	37	91	1957	1886	0	0.13	3.22
29-09-2014	70	64	76	55	73	37	89	1942	1921	0	0.14	1.87
30-09-2014	71	63	79	54	72	38	88	1942	1881	0	0.13	2.41
01-10-2014	68	62	73	54	72	34	89	1947	1927	0	0.11	3
02-10-2014	68	62	73	54	72	39	87	1966	2002	0	0.11	1.52
03-10-2014	66	59	72	53	71	33	90	1974	1919	0.06	0.12	1.11
04-10-2014	60	50	70	53	71	34	88	1974	1941	0.17	0.1	2.73
05-10-2014	52	43	61	52	70	31	96	1961	1941	0	0.12	1.71
06-10-2014	60	47	72	52	70	32	95	1965	1941	0	0.11	1.48
07-10-2014	67	63	71	52	70	37	93	1954	1941	0.38	0.1	1.6
08-10-2014	66	56	75	51	69	32	89	1964	2007	0	0.11	5.53
09-10-2014	61	51	70	51	69	35	86	1978	1939	0	0.11	2.17
10-10-2014	57	53	61	50	69	33	90	1979	1939	0	0.11	2.1
11-10-2014	54	50	57	50	68	28	86	1964	1949	0.48	0.1	2.04
12-10-2014	55	46	64	50	68	28	88	1964	1954	0	0.11	1.62
13-10-2014	61	56	66	49	68	32	87	1988	1954	0.02	0.1	0.9
14-10-2014	72	65	79	49	67	30	88	1988	1975	0	0.11	1.66
15-10-2014	72	67	77	49	67	32	87	1876	1975	0.66	0.1	1.04
16-10-2014	66	60	72	48	67	31	88	1876	1897	0.24	0.1	1.6
17-10-2014	65	57	73	48	66	34	89	1961	1938	0	0.1	1.87
18-10-2014	63	54	72	48	66	32	85	1982	1908	0	0.1	1.11
19-10-2014	51	45	56	47	66	29	80	1976	1947	0	0.09	3.59
20-10-2014	51	39	63	47	65	27	80	1974	1938	0	0.1	2.72
21-10-2014	61	52	70	47	65	28	86	1952	1947	0	0.1	2.21
22-10-2014	55	52	58	46	65	26	83	1940	1920	0.44	0.1	2.71
23-10-2014	54	51	57	46	64	31	87	1969	1947	0.05	0.1	1.92
24-10-2014	62	53	70	46	64	25	83	1969	2001	0	0.09	2.26
25-10-2014	58	46	70	45	64	25	76	1962	1993	0	0.1	3.82
26-10-2014	59	50	67	45	63	29	78	1960	1920	0	0.09	2.11
27-10-2014	57	46	67	45	63	29	80	1936	1963	0	0.09	1.45
28-10-2014	63	49	76	44	63	28	85	1976	1919	0	0.1	2.03
29-10-2014	60	50	70	44	62	30	79	1965	1918	0.03	0.1	2.68
30-10-2014	53	45	60	44	62	27	81	1962	1946	0	0.1	1.77
31-10-2014	47	40	54	44	62	26	82	1966	1946	0	0.1	1.32
01-11-2014	49	45	52	43	61	30	84	1968	1950	0.92	0.1	1.81
02-11-2014	46	42	49	43	61	27	81	1976	1950	0	0.1	1.65
03-11-2014	48	36	60	43	61	28	80	1951	1990	0	0.1	1.58
04-11-2014	60	49	71	43	60	26	81	1951	1974	0	0.09	1.36
05-11-2014	61	52	69	42	60	26	80	1879	1961	0.01	0.1	1.48
06-11-2014	53	49	56	42	60	26	79	1962	1948	0.52	0.09	1.41
07-11-2014	46	38	53	42	59	20	76	1962	1938	0	0.1	3.99
08-11-2014	42	34	50	41	59	25	78	1960	1975	0	0.09	3.07
09-11-2014	50	42	57	41	59	23	78	1976	1975	0	0.09	1.57
10-11-2014	50	37	63	41	58	23	73	1961	1999	0	0.09	1.46
11-11-2014	57	43	70	41	58	21	74	1961	1949	0	0.09	1.03
12-11-2014	58	46	70	40	58	26	75	1960	1879	0	0.08	1.9
13-11-2014	41	35	47	40	57	24	74	1996	1902	0.16	0.09	1.83
14-11-2014	39	35	43	40	57	19	76	1986	1955	0	0.09	2.64
15-11-2014	38	32	44	39	56	19	81	1942	1993	0	0.1	2
16-11-2014	39	33	45	39	56	20	76	1933	2005	0.09	0.09	1.46
17-11-2014	46	40	51	39	56	21	72	1933	1987	1.05	0.1	1.58
18-11-2014	34	24	44	39	55	20	75	1936	1921	0	0.1	1.07
19-11-2014	28	20	36	38	55	20	75	1936	1921	0	0.11	2.13
20-11-2014	41	32	50	38	54	21	76	1984	1985	0	0.1	2.59
21-11-2014	32	27	37	38	54	19	74	1879	1931	0	0.1	2.3
22-11-2014	35	23	46	37	54	14	73	1880	1883	0	0.11	1.66
23-11-2014	48	38	57	37	53	10	72	1880	1931	0	0.1	1.8
24-11-2014	64	56	72	37	53	16	72	1880	2014	0.37	0.11	2.22
25-11-2014	58	47	68	36	52	20	73	2013	1973	0	0.11	3.46
26-11-2014	42	34	50	36	52	18	70	1938	1999	0.95	0.1	1.69
27-11-2014	36	30	42	36	52	16	73	1932	1896	0	0.11	1.95
28-11-2014	34	28	39	35	51	17	71	1930	1990	0	0.11	2.78
29-11-2014	36	26	45	35	51	15	70	1955	1927	0	0.12	1.68
30-11-2014	51	42	59	35	50	8	73	1875	1933	0	0.12	0.96
01-12-2014	54	42	65	34	50	11	72	1875	2001	0.05	0.12	1.38
02-12-2014	41	36	45	34	49	11	66	1875	1970	0.2	0.13	1.48
03-12-2014	44	40	48	34	49	9	68	1976	1950	0.11	0.12	1.6
04-12-2014	39	32	45	34	49	12	73	1966	1998	0	0.13	1.69
05-12-2014	41	36	46	33	48	13	71	1886	2001	0.07	0.12	1.52
06-12-2014	46	42	50	33	48	15	72	1901	2001	1.02	0.13	1.16
07-12-2014	40	32	48	33	48	15	73	1926	1998	0	0.12	3.71
08-12-2014	32	27	37	32	47	14	67	1882	1980	0	0.12	1.22
09-12-2014	41	37	45	32	47	6	70	1876	1966	0.66	0.13	2.13
10-12-2014	40	36	43	32	46	4	71	1876	1966	0	0.13	1.45
11-12-2014	36	33	38	31	46	8	65	1880	1971	0.04	0.12	2.72
12-12-2014	38	34	42	31	46	8	65	1988	1931	0	0.13	1.45
13-12-2014	39	35	42	31	45	8	65	1960	1923	0	0.12	2.9
14-12-2014	42	37	47	30	45	10	69	1960	1881	0	0.12	2.02
15-12-2014	42	36	48	30	45	7	66	1960	1971	0	0.11	1.13
16-12-2014	43	32	53	30	44	9	68	1876	1971	0.12	0.12	1.54
17-12-2014	46	39	53	30	44	7	65	1919	2000	0	0.11	2.23
18-12-2014	38	34	41	29	44	4	70	1919	2006	0	0.11	1.72
19-12-2014	38	33	42	29	44	4	65	1884	1929	0	0.11	1.7
20-12-2014	34	33	35	29	43	1	64	1942	1957	0	0.11	1.32
21-12-2014	35	29	40	29	43	1	67	1942	2013	0	0.11	1.4
22-12-2014	36	27	45	28	43	6	68	1989	2013	0.02	0.11	1.77
23-12-2014	48	44	52	28	43	7	66	1989	1990	0.11	0.12	1.62
24-12-2014	56	47	64	28	42	3	64	1983	1990	0.82	0.11	1.74
25-12-2014	52	39	65	28	42	1	68	1980	1964	0.03	0.11	1.11
26-12-2014	42	34	50	28	42	3	68	1983	1964	0	0.11	1.9
27-12-2014	45	32	57	27	42	8	64	1989	1949	0	0.1	1.55
28-12-2014	48	39	56	27	42	9	66	1950	2008	0.02	0.1	1.45
29-12-2014	43	37	48	27	41	-1	72	1917	1984	0	0.1	2.8
30-12-2014	33	28	38	27	41	-5	65	1880	1990	0	0.09	2.3
31-12-2014	29	25	33	27	41	0	66	1880	1884	0	0.09	1.09
01-01-2015	35	28	42	27	41	4	64	1881	2005	0	0.09	1.6
02-01-2015	37	29	44	26	41	7	67	1968	1876	0	0.1	1.68
03-01-2015	36	28	44	26	41	-3	63	1879	2000	0.72	0.09	1.5
04-01-2015	50	42	58	26	41	2	68	1918	1950	0.37	0.1	1.51
05-01-2015	37	24	50	26	40	-2	66	1904	1997	0	0.1	2.24
06-01-2015	20	16	24	26	40	4	73	1896	2007	0.12	0.09	2
07-01-2015	19	13	24	26	40	4	65	2014	1950	0	0.1	2.49
08-01-2015	15	9	21	26	40	2	69	1970	1998	0	0.09	1.2
09-01-2015	29	21	36	26	40	1	69	1970	1930	0.01	0.1	1.54
10-01-2015	21	16	25	26	40	-5	63	1875	1950	0	0.1	1.28
11-01-2015	28	15	40	26	40	1	66	1982	1975	0	0.1	1.29
12-01-2015	36	33	38	25	40	1	72	1981	1890	0.59	0.1	2.19
13-01-2015	30	21	38	25	40	0	70	1981	1932	0	0.1	1.46
14-01-2015	26	20	32	25	40	0	73	1914	1932	0	0.1	2.27
15-01-2015	33	29	36	25	40	2	71	1964	1932	0	0.1	1.23
16-01-2015	34	25	43	25	40	0	62	1977	2007	0	0.1	1.09
17-01-2015	26	18	33	25	40	-7	63	1982	1913	0	0.1	1.66
18-01-2015	34	24	43	25	40	-4	64	1982	1990	1.84	0.1	1.84
19-01-2015	38	30	45	25	40	-5	65	1994	1951	0	0.09	1.4
20-01-2015	38	29	46	25	40	-3	65	1984	1951	0	0.1	1.89
21-01-2015	31	27	34	25	40	-6	62	1985	1959	0.06	0.1	1.32
22-01-2015	36	30	41	25	40	-7	70	1984	1906	0.03	0.09	1.03
23-01-2015	34	25	42	25	40	-2	71	1936	1906	0.16	0.1	2.32
24-01-2015	36	33	39	25	40	0	69	1882	1950	0.55	0.1	1.61
25-01-2015	40	33	46	25	40	-2	66	1963	1967	0	0.1	1.83
26-01-2015	31	27	34	26	40	4	74	1961	1950	0	0.09	1.57
27-01-2015	28	21	34	26	41	4	69	1927	1916	0.07	0.1	1.64
28-01-2015	28	20	35	26	41	3	67	1961	1916	0	0.09	1.63
29-01-2015	28	21	34	26	41	-5	72	1963	2002	0	0.11	1.23
30-01-2015	31	20	42	26	41	8	70	1948	1947	0	0.1	1.79
31-01-2015	22	14	29	26	41	3	65	1948	1947	0	0.1	1.3
01-02-2015	30	21	39	26	41	2	70	1920	2002	0.06	0.1	2.92
02-02-2015	32	23	41	26	41	-4	61	1961	1988	0.93	0.1	1.49
03-02-2015	25	20	30	26	41	4	62	1881	1991	0	0.09	1.64
04-02-2015	35	23	47	26	42	2	69	1886	1991	0	0.1	1.34
05-02-2015	29	17	41	26	42	-2	69	1918	1991	0	0.1	1.62
06-02-2015	23	14	32	26	42	-3	68	1895	2008	0	0.1	3.86
07-02-2015	33	21	44	27	42	5	67	1910	2008	0	0.09	1.35
08-02-2015	42	33	51	27	42	-2	63	1934	1925	0	0.09	1.15
09-02-2015	33	28	37	27	42	-11	64	1934	1990	0.03	0.1	1.17
10-02-2015	35	28	42	27	43	-6	65	1899	1925	0	0.09	1.1
11-02-2015	33	26	39	27	43	-6	69	1899	2009	0	0.09	1.85
12-02-2015	31	20	41	27	43	2	70	1979	1999	0	0.09	1.35
13-02-2015	17	10	24	27	43	3	66	1983	1951	0	0.09	2.04
14-02-2015	25	18	32	28	44	2	67	1979	1990	0.04	0.09	1.26
15-02-2015	15	9	21	28	44	3	74	1943	1949	0	0.1	1.09
16-02-2015	10	3	17	28	44	2	73	1888	1954	0.02	0.09	1.84
17-02-2015	21	13	28	28	44	-2	68	1896	1976	0.24	0.09	1.1
18-02-2015	22	11	32	28	44	0	69	1979	1991	0	0.1	1.35
19-02-2015	16	8	23	28	45	3	68	1903	1948	0	0.09	1.65
20-02-2015	10	2	18	29	45	1	70	1979	1939	0	0.09	2.4
21-02-2015	22	9	34	29	45	6	72	1968	1930	0.76	0.09	1.44
22-02-2015	40	33	47	29	46	7	68	1963	1974	0.28	0.1	1.88
23-02-2015	25	13	37	29	46	6	75	1963	1874	0	0.1	1.65
24-02-2015	16	7	25	29	46	2	74	1889	1985	0	0.09	1.84
25-02-2015	27	15	38	30	46	4	79	1894	1930	0	0.1	0.9
26-02-2015	29	26	32	30	47	10	69	1970	1890	0	0.1	2.16
27-02-2015	27	22	31	30	47	6	74	1900	1997	0	0.09	1.55
28-02-2015	24	16	32	30	47	9	68	1934	1976	0	0.1	1.4
01-03-2015	27	21	32	30	48	9	76	1980	1972	0.52	0.1	1.46
02-03-2015	35	29	40	31	48	8	77	1886	1972	0	0.11	1.22
03-03-2015	30	25	34	31	48	10	73	1886	1991	0.61	0.1	2.2
04-03-2015	38	33	43	31	49	7	74	1943	1974	0.49	0.11	1.61
05-03-2015	30	20	40	31	49	5	79	1872	1976	0.78	0.1	1.4
06-03-2015	19	11	26	32	49	10	71	1978	1935	0	0.11	2.06
07-03-2015	26	11	41	32	50	9	74	1960	1974	0	0.12	1.71
08-03-2015	38	26	50	32	50	12	80	1986	2000	0	0.12	1.51
09-03-2015	45	32	57	32	50	12	73	1960	2000	0	0.11	0.94
10-03-2015	46	32	59	33	51	7	76	1984	2006	0.71	0.12	1.43
11-03-2015	53	44	61	33	51	12	72	1960	1977	0	0.11	1.69
12-03-2015	45	37	52	33	51	12	83	1900	1990	0	0.11	2.64
13-03-2015	40	30	49	33	52	8	84	1888	1990	0.08	0.12	2.57
14-03-2015	45	38	51	34	52	12	85	1888	1990	0.95	0.12	1.56
15-03-2015	44	40	48	34	52	11	81	1993	1990	0	0.13	2.79
16-03-2015	44	33	55	34	53	16	82	1916	1945	0	0.13	1.72
17-03-2015	53	37	68	35	53	10	86	1885	1945	0	0.13	1.04
18-03-2015	39	32	45	35	53	10	78	1916	1989	0	0.13	1.13
19-03-2015	37	28	46	35	54	9	78	1876	1918	0	0.13	2.27
20-03-2015	35	32	37	35	54	8	83	1885	1945	0.7	0.13	1.76
21-03-2015	42	31	53	36	54	6	85	1885	1948	0	0.14	2.24
22-03-2015	41	34	48	36	55	11	80	1885	1948	0	0.13	1.9
23-03-2015	35	27	43	36	55	14	80	1958	2012	0	0.12	1.36
24-03-2015	36	31	40	37	56	15	76	1896	1988	0	0.14	1.24
25-03-2015	38	28	47	37	56	16	82	1878	1910	0.05	0.13	2.72
26-03-2015	53	39	67	37	56	21	80	1960	1921	0.34	0.13	1.62
27-03-2015	44	39	48	38	57	21	83	1894	1921	0.2	0.14	1.78
28-03-2015	34	27	41	38	57	18	83	1923	1945	0	0.13	1.98
29-03-2015	36	26	46	38	57	14	87	1923	1945	0	0.13	1.72
30-03-2015	46	34	57	39	58	18	86	1887	1998	0.03	0.13	1.59
31-03-2015	48	37	59	39	58	21	81	1923	1998	0.06	0.13	1.57
01-04-2015	45	34	56	39	59	14	81	1923	1978	0	0.13	1.48
02-04-2015	52	37	67	40	59	25	84	1964	1967	0	0.14	2.76
03-04-2015	60	57	63	40	59	27	87	1894	1963	0.12	0.13	2.28
04-04-2015	53	42	63	40	60	25	80	1943	1892	0	0.13	1.26
05-04-2015	53	42	64	41	60	22	81	1981	1942	0	0.13	1.23
06-04-2015	57	39	75	41	60	24	87	1982	1942	0	0.12	1.76
07-04-2015	57	44	69	41	61	19	90	1982	1929	0.24	0.12	1.16
08-04-2015	42	39	44	42	61	23	90	1982	1929	0.03	0.12	2.67
09-04-2015	41	39	43	42	62	26	84	1977	1959	0.02	0.12	2.07
10-04-2015	49	41	57	42	62	22	89	1985	2013	0.07	0.13	1.78
11-04-2015	55	47	63	43	62	28	84	1966	1887	0	0.12	1.03
12-04-2015	53	38	67	43	63	18	92	1874	1977	0	0.12	1.83
13-04-2015	60	44	75	43	63	26	89	1940	1977	0	0.12	1.88
14-04-2015	58	52	63	44	63	24	91	1950	1941	0.12	0.12	2.28
15-04-2015	59	48	70	44	64	27	88	1943	1941	0	0.12	4.19
16-04-2015	61	50	71	44	64	27	90	1943	2002	0	0.11	3.11
17-04-2015	65	55	74	45	65	27	95	1962	2002	0.15	0.12	1.16
18-04-2015	68	54	81	45	65	25	94	1875	1976	0	0.11	2.16
19-04-2015	58	49	67	45	65	20	91	1875	1896	0	0.11	1.44
20-04-2015	63	50	76	46	66	27	92	1897	1941	2.01	0.12	2.01
21-04-2015	59	51	66	46	66	27	89	1875	1976	0.82	0.11	2.11
22-04-2015	60	47	73	46	66	30	90	1875	1985	0	0.11	1.87
23-04-2015	48	43	52	47	67	33	91	1982	1960	0	0.12	1.55
24-04-2015	48	39	57	47	67	33	86	1930	1960	0	0.11	1.8
25-04-2015	48	37	58	47	67	33	92	1956	1960	0	0.11	2.11
26-04-2015	55	45	64	48	68	35	93	1967	2009	0	0.11	2.42
27-04-2015	54	48	60	48	68	36	93	1967	1915	0	0.12	1.59
28-04-2015	61	51	71	48	68	34	90	1946	1990	0	0.11	2.19
29-04-2015	64	51	77	49	69	29	90	1874	1974	0	0.12	0.85
30-04-2015	61	50	72	49	69	34	91	1874	1888	0	0.1	4.42
01-05-2015	57	49	64	49	69	34	90	1978	1942	0	0.1	1.77
02-05-2015	61	47	74	50	70	35	89	1960	2010	0	0.11	2.49
03-05-2015	65	49	81	50	70	35	90	1966	2001	0	0.11	1.36
04-05-2015	70	54	85	50	70	35	91	1957	2001	0	0.11	1.88
05-05-2015	74	62	85	51	71	33	90	1966	1928	0	0.11	1.8
06-05-2015	67	57	77	51	71	36	90	1891	1986	0	0.12	2
07-05-2015	69	57	81	51	71	35	94	1970	1930	0	0.11	2.69
08-05-2015	69	55	83	51	71	37	93	1947	1936	0	0.12	1.42
09-05-2015	70	60	80	52	72	33	93	1947	1936	0.03	0.11	1.57
10-05-2015	76	67	84	52	72	33	93	1966	1896	0	0.12	1.35
11-05-2015	77	69	84	52	72	28	93	1966	1896	0	0.12	1.82
12-05-2015	77	66	88	53	73	37	91	1962	1881	0	0.11	1.58
13-05-2015	63	54	72	53	73	37	92	1967	1881	0	0.12	1.4
14-05-2015	61	50	72	53	73	40	92	1996	1956	0	0.12	1.48
15-05-2015	65	54	76	54	74	39	93	1966	1900	0	0.12	1.4
16-05-2015	73	59	86	54	74	40	90	1959	1951	0.33	0.13	2.03
17-05-2015	76	68	84	54	74	37	92	1956	1974	0.01	0.12	1.33
18-05-2015	74	61	87	55	74	41	94	1973	1962	0.03	0.12	1.47
19-05-2015	72	61	83	55	75	41	96	1882	1962	0.01	0.12	2.36
20-05-2015	67	58	75	55	75	43	94	2002	1962	0	0.13	1.64
21-05-2015	55	51	58	56	75	41	95	2002	1934	0.18	0.13	2.94
22-05-2015	65	53	77	56	76	43	96	1895	1941	0	0.13	1.67
23-05-2015	61	51	71	56	76	41	96	1961	1925	0	0.13	1.77
24-05-2015	67	52	82	57	76	40	90	1963	1964	0	0.12	2.49
25-05-2015	75	63	87	57	77	40	96	1963	1991	0	0.12	1.77
26-05-2015	77	65	89	57	77	43	96	1961	1880	0	0.13	1.7
27-05-2015	80	71	89	58	77	42	95	1961	1991	0.6	0.12	3.16
28-05-2015	80	70	89	58	77	41	94	1961	1941	0	0.12	2.28
29-05-2015	77	66	87	58	78	42	95	1884	1991	0	0.12	2.25
30-05-2015	78	68	87	59	78	41	97	1961	1991	0	0.13	1.74
31-05-2015	81	70	92	59	78	42	97	1965	1991	0	0.13	1.65
01-06-2015	67	58	76	59	79	44	97	1967	1895	1.96	0.12	1.96
02-06-2015	56	53	58	60	79	46	98	1907	1925	0.3	0.12	2.96
03-06-2015	63	55	70	60	79	48	97	1986	1919	0.01	0.12	1.6
04-06-2015	64	57	70	60	80	47	98	1977	1925	0	0.12	1.96
05-06-2015	66	56	76	61	80	48	100	1990	1925	0.13	0.13	2.31
06-06-2015	73	64	81	61	80	45	100	1945	1925	0.05	0.12	1.95
07-06-2015	68	58	77	61	80	47	98	1958	1925	0	0.13	3.5
08-06-2015	75	64	86	62	81	44	97	1977	2011	0.88	0.12	2
09-06-2015	78	69	86	62	81	44	99	1957	2011	0.02	0.12	2.03
10-06-2015	76	65	86	62	81	47	98	1988	2008	0	0.12	2.59
11-06-2015	81	70	92	63	82	44	95	1972	1986	0	0.11	2.04
12-06-2015	85	75	95	63	82	48	95	1979	1947	0	0.11	3.05
13-06-2015	83	77	88	63	82	50	95	1979	1956	0	0.11	2.21
14-06-2015	81	72	90	64	83	48	96	1965	1988	0.09	0.12	1.88
15-06-2015	82	74	89	64	83	47	100	1884	1994	0	0.11	2.27
16-06-2015	83	74	91	64	83	49	100	1963	1991	0	0.11	3.3
17-06-2015	78	69	86	64	83	44	98	1964	1957	0	0.1	2.41
18-06-2015	70	65	74	65	84	48	96	1950	1957	0.65	0.11	1.93
19-06-2015	79	70	87	65	84	53	100	1946	1994	0.27	0.1	1.64
20-06-2015	79	71	86	65	84	51	98	1956	1931	0.48	0.11	1.64
21-06-2015	82	73	91	66	84	48	99	1968	1923	0.3	0.11	1.62
22-06-2015	82	73	91	66	85	48	100	1963	1988	0	0.11	2.47
23-06-2015	83	70	95	66	85	47	97	1963	1888	0.55	0.11	2.12
24-06-2015	77	69	85	66	85	52	99	1947	1923	0	0.11	2.61
25-06-2015	76	68	84	67	85	52	98	1979	1952	0.13	0.11	2.55
26-06-2015	76	68	84	67	85	51	100	1960	1952	0	0.12	2.77
27-06-2015	67	63	71	67	86	50	97	1965	1963	1.34	0.1	3.27
28-06-2015	73	66	79	67	86	54	97	1961	1963	0.22	0.11	2.48
29-06-2015	72	63	81	68	86	52	102	1888	1934	0	0.12	4.62
30-06-2015	77	67	86	68	86	52	100	1988	1964	1.5	0.12	1.56
